function [mu] = func_Coeff_Friction_long_rolling(Fz)

%Not reasonable data
%Fz = [300:100:2000];

%Fx = 1000*[0.007949327,0.07239037,...
    %0.1617341,0.2719595,0.3995911,0.5424068,0.6997957,...
    %0.8725991,1.062373,1.270114,1.49471,1.731722,...
    %1.97329,2.209574,2.431108,2.630795,2.804664,...
    %2.951493];

%plot(Fz,Fx./Fz)

%Reasonable data sets
%Fy = [2.3 1.9 1.5 1.05 0.5 0]*1000;
%Fz = [1.1 0.875 0.655 0.44 0.205 0]*1000;
%mu = Fy./Fz;

%plot(Fz, mu-0.8)
%plot(Fz, (mu - 0.8).*Fz)

mu = -0.12117e-07.*Fz.^2 - 0.00025071.*Fz + 2.5038 - 0.8;

end
